# Anode# Energy deposited
0.000000 53.300000
1.000000 54.100000
2.000000 56.500000
3.000000 58.100000
4.000000 59.500000
5.000000 61.300000
6.000000 64.100000
7.000000 64.200000
8.000000 66.500000
9.000000 61.990000
10.000000 42.150000
11.000000 12.023500
12.000000 0.534815
0.000000 55.100000
1.000000 53.600000
2.000000 55.700000
3.000000 59.000000
4.000000 58.200000
5.000000 61.000000
6.000000 63.700000
7.000000 65.800000
8.000000 64.900000
9.000000 62.630000
10.000000 42.680000
11.000000 12.752000
12.000000 1.137916
0.000000 55.100000
1.000000 54.300000
2.000000 56.100000
3.000000 57.000000
4.000000 58.800000
5.000000 60.700000
6.000000 64.200000
7.000000 64.900000
8.000000 65.700000
9.000000 62.520000
10.000000 42.750000
11.000000 13.528116
12.000000 0.000000
0.000000 53.000000
1.000000 55.000000
2.000000 56.400000
3.000000 55.900000
4.000000 61.300000
5.000000 59.800000
6.000000 62.800000
7.000000 65.200000
8.000000 65.600000
9.000000 62.810000
10.000000 42.440000
11.000000 14.148936
12.000000 0.000000
0.000000 54.900000
1.000000 55.200000
2.000000 55.400000
3.000000 57.300000
4.000000 60.500000
5.000000 61.700000
6.000000 62.000000
7.000000 65.700000
8.000000 65.500000
9.000000 62.310000
10.000000 42.210000
11.000000 12.918500
12.000000 0.103500
