# Anode# Energy deposited
0.000000 56.600000
1.000000 58.300000
2.000000 60.900000
3.000000 62.700000
4.000000 66.300000
5.000000 67.000000
6.000000 70.100000
7.000000 68.300000
8.000000 63.830000
9.000000 50.450000
10.000000 23.934000
11.000000 3.885910
12.000000 0.000000
0.000000 57.600000
1.000000 58.300000
2.000000 60.500000
3.000000 62.300000
4.000000 65.500000
5.000000 67.700000
6.000000 70.100000
7.000000 68.800000
8.000000 63.380000
9.000000 50.570000
10.000000 23.787000
11.000000 4.062125
12.000000 0.000000
0.000000 56.800000
1.000000 60.100000
2.000000 59.300000
3.000000 63.000000
4.000000 65.500000
5.000000 67.400000
6.000000 69.400000
7.000000 68.800000
8.000000 64.430000
9.000000 50.790000
10.000000 24.647000
11.000000 3.529760
12.000000 0.000000
0.000000 57.300000
1.000000 59.100000
2.000000 60.200000
3.000000 63.300000
4.000000 65.500000
5.000000 67.800000
6.000000 69.200000
7.000000 68.000000
8.000000 63.970000
9.000000 51.750000
10.000000 22.773000
11.000000 4.006555
12.000000 0.000000
0.000000 56.600000
1.000000 59.100000
2.000000 59.700000
3.000000 62.200000
4.000000 65.200000
5.000000 65.200000
6.000000 70.500000
7.000000 69.400000
8.000000 64.200000
9.000000 51.040000
10.000000 25.763000
11.000000 4.396546
12.000000 0.000000
