# Anode# Energy deposited
0.000000 60.600000
1.000000 59.100000
2.000000 65.000000
3.000000 66.700000
4.000000 68.200000
5.000000 71.700000
6.000000 72.900000
7.000000 71.700000
8.000000 62.820000
9.000000 41.710000
10.000000 10.569841
11.000000 0.000000
12.000000 0.000000
0.000000 58.800000
1.000000 64.200000
2.000000 61.100000
3.000000 66.500000
4.000000 67.500000
5.000000 71.200000
6.000000 72.200000
7.000000 72.400000
8.000000 62.940000
9.000000 42.000000
10.000000 11.059421
11.000000 0.000000
12.000000 0.000000
0.000000 58.600000
1.000000 62.200000
2.000000 63.500000
3.000000 65.000000
4.000000 70.100000
5.000000 71.400000
6.000000 72.600000
7.000000 71.500000
8.000000 62.480000
9.000000 41.710000
10.000000 10.609826
11.000000 0.000000
12.000000 0.000000
0.000000 59.900000
1.000000 61.700000
2.000000 63.200000
3.000000 66.300000
4.000000 70.000000
5.000000 68.500000
6.000000 73.900000
7.000000 72.100000
8.000000 62.770000
9.000000 40.890000
10.000000 10.438945
11.000000 0.000000
12.000000 0.000000
0.000000 59.500000
1.000000 60.400000
2.000000 63.900000
3.000000 67.500000
4.000000 68.200000
5.000000 70.400000
6.000000 73.500000
7.000000 71.100000
8.000000 63.770000
9.000000 41.400000
10.000000 11.129533
11.000000 0.000000
12.000000 0.000000
